66666 1601  031 0003 1601 0 6             NEPARTAK              20160822
16070212 002 2 083 1451 1006     000                                    
16070218 002 2 086 1450 1004     000                                    
16070300 002 3 089 1449 1002     035     00000 0000 40180 0120          
16070306 002 3 092 1448 1002     035     00000 0000 40180 0120          
16070312 002 3 100 1444 1000     035     00000 0000 40180 0120          
16070318 002 3 109 1439  996     040     00000 0000 90150 0150          
16070400 002 3 119 1426  996     040     00000 0000 90150 0150          
16070406 002 3 128 1411  994     045     00000 0000 10180 0150          
16070412 002 4 135 1396  990     050     00000 0000 10180 0150          
16070418 002 4 145 1382  980     060     90040 0040 10180 0150          
16070500 002 5 153 1366  965     065     90040 0040 10180 0150          
16070506 002 5 163 1351  955     075     90040 0040 10180 0150          
16070512 002 5 171 1335  940     085     90050 0050 10180 0150          
16070518 002 5 180 1319  925     095     90050 0050 10240 0150          
16070600 002 5 187 1301  915     100     90060 0060 10240 0150          
16070606 002 5 195 1284  900     110     90060 0060 10240 0150          
16070612 002 5 201 1270  900     110     90060 0060 90210 0210          
16070618 002 5 207 1256  900     110     90060 0060 90210 0210          
16070700 002 5 213 1243  900     110     90060 0060 90210 0210          
16070706 002 5 216 1234  900     110     90060 0060 90210 0210          
16070712 002 5 220 1226  900     110     90050 0050 90210 0210          
16070718 002 5 224 1217  920     090     90050 0050 90210 0210          
16070800 002 5 226 1206  950     075     90040 0040 10210 0180          
16070806 002 5 232 1201  975     065     90040 0040 10210 0180          
16070812 002 4 232 1199  985     050     00000 0000 10180 0150          
16070818 002 3 234 1198  985     045     00000 0000 10180 0150          
16070900 002 3 243 1188  992     035     00000 0000 10180 0150          
16070906 002 2 248 1185  994     000                                    
16070912 002 2 254 1179  996     000                                    
16070918 002 2 259 1172  996     000                                    
16071000 002 2 264 1167  998     000                                    
66666 1602  015 0005 1602 0 6                LUPIT              20160823
16072218 002 2 246 1515 1004     000                                    
16072300 002 2 253 1523 1004     000                                    
16072306 002 2 264 1540 1004     000                                    
16072312 002 2 274 1553 1004     000                                    
16072318 002 3 289 1571 1000     035     00000 0000 30100 0050          
16072400 002 3 310 1585 1000     040     00000 0000 30100 0080          
16072406 002 3 330 1593 1000     040     00000 0000 20100 0080          
16072412 002 3 350 1595 1000     040     00000 0000 20100 0080          
16072418 002 6 372 1595 1000     000                                    
16072500 002 6 403 1593 1004     000                                    
16072506 002 6 441 1574 1008     000                                    
16072512 002 6 456 1565 1010     000                                    
16072518 002 6 470 1555 1012     000                                    
16072600 002 6 475 1537 1014     000                                    
16072606 002 6 484 1521 1014     000                                    
66666 1603  013 0006 1603 0 6              MIRINAE              20160902
16072512 002 2 172 1147 1006     000                                    
16072518 002 2 173 1139 1004     000                                    
16072600 002 2 181 1130 1002     000                                    
16072606 002 3 185 1120  998     040     00000 0000 90090 0090          
16072612 002 3 185 1108  996     040     00000 0000 90090 0090          
16072618 002 3 189 1097  996     040     00000 0000 90090 0090          
16072700 002 3 197 1086  998     035     00000 0000 90090 0090          
16072706 002 3 198 1073  990     045     00000 0000 20120 0090          
16072712 002 4 199 1067  980     055     20060 0040 20120 0090          
16072718 002 3 202 1062  985     045     00000 0000 20120 0090          
16072800 002 3 206 1056  996     035     00000 0000 90090 0090          
16072806 002 2 212 1050 1000     000                                    
16072812 002 2 220 1049 1004     000                                    
66666 1604  019 0007 1604 0 6                 NIDA              20160902
16072912 002 2 117 1271 1002     000                                    
16072918 002 2 127 1273 1002     000                                    
16073000 002 2 141 1265 1002     000                                    
16073006 002 3 155 1258  998     035     00000 0000 90120 0120          
16073012 002 3 164 1244  994     040     00000 0000 90120 0120          
16073018 002 3 169 1238  990     045     00000 0000 90150 0150          
16073100 002 4 175 1231  985     050     00000 0000 90150 0150          
16073106 002 4 182 1223  975     060     90030 0030 20210 0150          
16073112 002 4 188 1212  975     060     90030 0030 20210 0150          
16073118 002 4 195 1201  980     055     90030 0030 20210 0150          
16080100 002 4 201 1189  980     055     90030 0030 20210 0150          
16080106 002 4 214 1175  980     055     90030 0030 30210 0150          
16080112 002 4 219 1160  980     055     90030 0030 30180 0120          
16080118 002 4 225 1148  980     050     00000 0000 30180 0090          
16080200 002 3 228 1135  985     045     00000 0000 30150 0090          
16080206 002 3 234 1120  990     035     00000 0000 30120 0060          
16080212 002 2 239 1108  994     000                                    
16080218 002 2 243 1094  996     000                                    
16080300 002 2 250 1079  998     000                                    
66666 1605  040 0008 1605 1 0                OMAIS              20160915
16080212 002 2 167 1488 1004     000                                    
16080218 002 2 167 1482 1002     000                                    
16080300 002 2 169 1478 1004     000                                    
16080306 002 2 176 1478 1002     000                                    
16080312 002 2 178 1481 1002     000                                    
16080318 002 2 181 1483 1000     000                                    
16080400 002 3 184 1485  998     035     00000 0000 10260 0200          
16080406 002 3 188 1485  998     035     00000 0000 10260 0200          
16080412 002 3 192 1485  998     035     00000 0000 90260 0260          
16080418 002 3 198 1484  996     035     00000 0000 90260 0260          
16080500 002 3 207 1481  992     040     00000 0000 90260 0260          
16080506 002 3 217 1479  990     045     00000 0000 30350 0210          
16080512 002 4 225 1478  985     050     00000 0000 30350 0210          
16080518 002 4 233 1478  980     055     30120 0090 30350 0210          
16080600 002 4 242 1478  980     055     20120 0090 20350 0210          
16080606 002 4 249 1477  975     060     20120 0090 20350 0210          
16080612 002 4 261 1477  975     060     10150 0060 10375 0210          
16080618 002 4 273 1475  975     060     10180 0060 10325 0210          
16080700 002 4 286 1473  975     060     10150 0060 10325 0210          
16080706 002 4 300 1469  975     060     10150 0060 10325 0210          
16080712 002 4 313 1463  980     055     10150 0060 10325 0210          
16080718 002 4 325 1453  980     055     10150 0060 10300 0210          
16080800 002 4 335 1445  980     055     10150 0060 10300 0210          
16080806 002 4 345 1443  980     050     00000 0000 20300 0210          
16080812 002 4 357 1445  980     050     00000 0000 20300 0210          
16080818 002 4 368 1451  980     050     00000 0000 20300 0210          
16080900 002 4 379 1459  980     050     00000 0000 20300 0210          
16080906 002 4 402 1474  980     050     00000 0000 20300 0210          
16080912 002 3 420 1488  985     045     00000 0000 20300 0250          
16080918 002 6 441 1517  984     000                                    
16081000 002 6 462 1525  988     000                                    
16081006 002 6 481 1562  988     000                                    
16081012 002 6 500 1598  986     000                                    
16081018 002 6 519 1628  986     000                                    
16081100 002 6 535 1655  984     000                                    
16081106 002 6 549 1691  984     000                                    
16081112 002 6 556 1725  984     000                                    
16081118 002 6 561 1746  984     000                                    
16081200 002 6 563 1771  986     000                                    
16081206 002 6 564 1818  988     000                                    
66666 1606  038 0010 1606 0 6               CONSON              20160915
16080712 002 2 188 1630 1010     000                                    
16080718 002 2 180 1620 1008     000                                    
16080800 002 2 174 1617 1008     000                                    
16080806 002 2 171 1614 1006     000                                    
16080812 002 2 170 1608 1006     000                                    
16080818 002 2 170 1601 1002     000                                    
16080900 002 3 169 1593 1000     035     00000 0000 10120 0090          
16080906 002 3 168 1587  996     040     00000 0000 10120 0090          
16080912 002 3 170 1578  990     045     00000 0000 10210 0090          
16080918 002 3 177 1569  990     045     00000 0000 10210 0090          
16081000 002 3 180 1560  990     045     00000 0000 10210 0090          
16081006 002 3 186 1551  990     045     00000 0000 10240 0120          
16081012 002 3 189 1544  990     045     00000 0000 10240 0120          
16081018 002 3 196 1540  990     045     00000 0000 10240 0120          
16081100 002 3 200 1536  990     045     00000 0000 20300 0120          
16081106 002 3 205 1540  990     045     00000 0000 20300 0120          
16081112 002 3 219 1543  990     045     00000 0000 20300 0120          
16081118 002 3 235 1550  990     045     00000 0000 20300 0120          
16081200 002 3 252 1555  990     045     00000 0000 20300 0120          
16081206 002 3 262 1557  990     040     00000 0000 20300 0120          
16081212 002 3 280 1564  990     040     00000 0000 20300 0120          
16081218 002 3 289 1566  990     040     00000 0000 20300 0120          
16081300 002 3 299 1555  990     040     00000 0000 20300 0120          
16081306 002 3 316 1543  985     045     00000 0000 20300 0120          
16081312 002 3 326 1531  985     045     00000 0000 10300 0150          
16081318 002 3 339 1522  985     045     00000 0000 10350 0150          
16081400 002 3 357 1511  985     045     00000 0000 10350 0150          
16081406 002 3 381 1495  985     045     00000 0000 10350 0150          
16081412 002 3 402 1480  990     040     00000 0000 20240 0120          
16081418 002 3 421 1459  990     040     00000 0000 20240 0120          
16081423 002 3 433 1455  988     040     00000 0000 20210 0090         #
16081500 002 6 436 1456  990     000                                    
16081506 002 6 463 1454  992     000                                    
16081512 002 6 488 1461  996     000                                    
16081518 002 6 532 1452  996     000                                    
16081600 002 6 561 1426  996     000                                    
16081606 002 6 572 1420  998     000                                    
16081612 002 6 587 1431 1000     000                                    
66666 1607  031 0012 1607 1 0              CHANTHU              20160921
16081200 002 2 160 1376 1002     000                                    
16081206 002 2 163 1380 1002     000                                    
16081212 002 2 168 1386 1002     000                                    
16081218 002 2 172 1394 1002     000                                    
16081300 002 2 177 1399 1002     000                                    
16081306 002 2 188 1407 1000     000                                    
16081312 002 2 198 1419 1000     000                                    
16081318 002 3 209 1429  994     035     00000 0000 20180 0090          
16081400 002 3 220 1436  994     035     00000 0000 20180 0090          
16081406 002 3 234 1442  992     040     00000 0000 20180 0090          
16081412 002 3 246 1445  990     045     00000 0000 20210 0090          
16081418 002 4 257 1448  985     050     00000 0000 20210 0090          
16081500 002 4 271 1450  985     050     00000 0000 20210 0120          
16081506 002 4 281 1445  985     050     00000 0000 20210 0120          
16081512 002 3 294 1438  985     045     00000 0000 20210 0120          
16081518 002 3 305 1430  985     045     00000 0000 20210 0120          
16081600 002 4 316 1425  980     050     00000 0000 20210 0120          
16081606 002 4 334 1414  980     050     00000 0000 20210 0120          
16081612 002 4 344 1410  980     050     00000 0000 20210 0120          
16081618 002 4 358 1412  980     050     00000 0000 20210 0120          
16081700 002 4 378 1417  980     055     20060 0020 20180 0120          
16081703 002 4 390 1422  980     055     20060 0020 20180 0120          
16081706 002 4 408 1427  980     055     20080 0020 20180 0120          
16081708 002 4 418 1430  980     055     20080 0020 20180 0120         #
16081709 002 4 423 1431  980     055     20080 0020 20180 0120          
16081712 002 4 443 1431  984     055     20120 0020 20180 0120          
16081718 002 6 477 1446  984     000                                    
16081800 002 6 512 1453  982     000                                    
16081806 002 6 546 1467  980     000                                    
16081812 002 6 581 1476  982     000                                    
16081818 002 6 607 1491  986     000                                    
66666 1608  019 0014 1608 0 6               DIANMU              20160921
16081506 002 2 217 1170  996     000                                    
16081512 002 2 217 1163  996     000                                    
16081518 002 2 217 1154  996     000                                    
16081600 002 2 218 1147  996     000                                    
16081606 002 2 217 1140  994     000                                    
16081612 002 2 216 1135  994     000                                    
16081618 002 2 215 1133  992     000                                    
16081700 002 2 215 1132  992     000                                    
16081706 002 2 215 1131  992     000                                    
16081712 002 2 214 1129  990     000                                    
16081718 002 3 211 1122  985     035     00000 0000 30240 0120          
16081800 002 3 209 1113  985     035     00000 0000 30240 0120          
16081806 002 3 208 1103  985     035     00000 0000 30240 0120          
16081812 002 3 205 1092  985     035     00000 0000 30210 0120          
16081818 002 3 205 1082  980     040     00000 0000 30180 0120          
16081900 002 3 205 1073  980     040     00000 0000 30150 0120          
16081906 002 3 206 1064  980     040     00000 0000 30120 0090          
16081912 002 2 208 1048  990     000                                    
16081918 002 2 212 1025  994     000                                    
66666 1609  033 0016 1609 0 6             MINDULLE              20160927
16081700 002 2 153 1389 1002     000                                    
16081706 002 2 152 1399  998     000                                    
16081712 002 2 152 1407  998     000                                    
16081718 002 2 151 1413  996     000                                    
16081800 002 2 152 1420  996     000                                    
16081806 002 2 156 1428  996     000                                    
16081812 002 2 161 1431  996     000                                    
16081818 002 2 166 1431  996     000                                    
16081900 002 2 172 1425  996     000                                    
16081906 002 3 178 1418  994     035     00000 0000 40120 0090          
16081912 002 3 187 1409  994     035     00000 0000 40120 0090          
16081918 002 3 194 1406  992     040     00000 0000 40120 0090          
16082000 002 3 204 1408  992     040     00000 0000 40120 0090          
16082006 002 3 221 1410  990     045     00000 0000 40120 0090          
16082012 002 4 244 1411  985     050     00000 0000 80150 0090          
16082018 002 4 262 1408  985     050     00000 0000 10150 0090          
16082100 002 4 280 1406  985     050     00000 0000 20180 0090          
16082106 002 4 298 1399  985     050     00000 0000 20180 0090          
16082112 002 4 315 1395  980     055     20050 0020 20150 0090          
16082115 002 4 323 1392  980     055     20050 0020 20150 0090          
16082118 002 5 331 1394  975     065     20050 0020 20150 0090          
16082121 002 5 338 1393  975     065     20050 0020 20150 0090          
16082200 002 5 342 1395  975     065     90040 0040 20150 0090          
16082203 002 5 348 1398  975     065     90040 0040 20150 0090         #
16082206 002 4 359 1400  980     060     30050 0040 20150 0090          
16082209 002 4 366 1403  985     055     30050 0040 30150 0090          
16082212 002 4 378 1408  990     055     90060 0060 30180 0090          
16082215 002 4 389 1411  990     055     90060 0060 30180 0090          
16082218 002 4 404 1419  992     050     00000 0000 30150 0090          
16082220 002 4 418 1423  992     050     00000 0000 30150 0090         #
16082221 002 4 424 1426  992     050     00000 0000 30150 0090          
16082300 002 4 436 1438  992     050     00000 0000 30120 0090          
16082303 002 6 451 1453  992     000                                    
66666 1610  061 0015 1610 0 6             LIONROCK              20160927
16081700 002 2 264 1591  996     000                                    
16081706 002 2 270 1570  996     000                                    
16081712 002 2 274 1554  996     000                                    
16081718 002 2 283 1536  996     000                                    
16081800 002 2 293 1520  996     000                                    
16081806 002 2 304 1504  996     000                                    
16081812 002 2 314 1486  996     000                                    
16081818 002 2 322 1468  996     000                                    
16081900 002 2 329 1449  996     000                                    
16081906 002 2 331 1428  996     000                                    
16081912 002 2 331 1413  996     000                                    
16081918 002 2 323 1397  996     000                                    
16082000 002 2 315 1385  996     000                                    
16082006 002 2 310 1376  996     000                                    
16082012 002 2 305 1367  996     000                                    
16082018 002 2 301 1355  996     000                                    
16082100 002 2 298 1343  996     000                                    
16082106 002 2 295 1337  996     000                                    
16082112 002 3 292 1333  992     035     00000 0000 90100 0100          
16082118 002 3 288 1332  990     040     00000 0000 90100 0100          
16082200 002 3 288 1334  990     040     00000 0000 90100 0100          
16082206 002 3 287 1337  990     040     00000 0000 90100 0100          
16082212 002 3 285 1341  990     040     00000 0000 90100 0100          
16082218 002 3 282 1343  990     045     00000 0000 90100 0100          
16082300 002 4 280 1344  985     050     00000 0000 90100 0100          
16082306 002 4 273 1342  980     055     90030 0030 90100 0100          
16082312 002 4 266 1340  975     060     90030 0030 90100 0100          
16082318 002 5 258 1333  965     070     90040 0040 90100 0100          
16082400 002 5 253 1328  960     075     90050 0050 90120 0120          
16082406 002 5 248 1323  950     080     90050 0050 90120 0120          
16082412 002 5 244 1318  950     080     90050 0050 90120 0120          
16082418 002 5 239 1314  945     085     90050 0050 90120 0120          
16082500 002 5 236 1311  945     085     90050 0050 90120 0120          
16082506 002 5 235 1309  945     085     90050 0050 90120 0120          
16082512 002 5 235 1308  945     085     90050 0050 90120 0120          
16082518 002 5 231 1305  945     085     90050 0050 90150 0150          
16082600 002 5 232 1310  945     085     90050 0050 90150 0150          
16082606 002 5 231 1313  945     085     90050 0050 30180 0150          
16082612 002 5 232 1321  950     080     90050 0050 30270 0150          
16082618 002 5 235 1325  950     080     90050 0050 30270 0150          
16082700 002 5 237 1331  945     085     90060 0060 30325 0150          
16082706 002 5 240 1339  945     085     90070 0070 30350 0180          
16082712 002 5 245 1346  945     085     90070 0070 30350 0180          
16082718 002 5 251 1356  945     085     90070 0070 30350 0180          
16082800 002 5 261 1366  945     085     90070 0070 30350 0180          
16082806 002 5 277 1379  940     090     30080 0060 30325 0180          
16082812 002 5 285 1388  940     090     30080 0060 30300 0180          
16082818 002 5 294 1405  940     090     30080 0060 30300 0180          
16082900 002 5 304 1417  945     085     30080 0060 30300 0180          
16082906 002 5 313 1427  950     080     30080 0060 30300 0200          
16082912 002 5 323 1434  960     075     30080 0060 30300 0200          
16082918 002 5 340 1436  965     070     20090 0040 30300 0210          
16082921 002 5 348 1434  965     070     20090 0040 30300 0210          
16083000 002 5 356 1430  965     065     20090 0040 30300 0210          
16083003 002 5 366 1424  965     065     10100 0050 30325 0240          
16083006 002 5 378 1422  965     065     10120 0060 30325 0240          
16083008 002 5 388 1420  965     065     10120 0060 30325 0240         #
16083009 002 4 393 1417  970     060     10120 0060 30325 0240          
16083012 002 4 413 1400  972     060     10120 0060 30325 0240          
16083015 002 6 420 1380  976     000                                    
16083018 002 6 439 1357  980     000                                    
66666 1611  017 0017 1611 0 6              KOMPASU              20160927
16081812 002 2 223 1528  998     000                                    
16081818 002 2 241 1534  996     000                                    
16081900 002 2 257 1528  996     000                                    
16081906 002 2 274 1522  996     000                                    
16081912 002 2 295 1515  996     000                                    
16081918 002 2 318 1493  996     000                                    
16082000 002 3 329 1473  994     035     00000 0000 10240 0120          
16082006 002 3 343 1457  994     035     00000 0000 10240 0120          
16082012 002 3 363 1437  994     035     00000 0000 10150 0090          
16082018 002 3 378 1428  996     035     00000 0000 20150 0060          
16082100 002 3 388 1429  996     035     00000 0000 20120 0060          
16082106 002 3 406 1429  996     035     00000 0000 20120 0060          
16082112 002 3 425 1439 1000     035     00000 0000 20120 0060          
16082114 002 3 429 1441 1002     035     00000 0000 20120 0060         #
16082118 002 6 450 1450 1002     000                                    
16082200 002 6 468 1458 1002     000                                    
16082206 002 6 482 1470 1002     000                                    
66666 1612  038 0019 1612 0 6             NAMTHEUN              20161005
16083100 002 2 211 1232 1002     000                                    
16083106 002 2 213 1244 1002     000                                    
16083112 002 2 220 1258 1002     000                                    
16083118 002 2 230 1269 1000     000                                    
16090100 002 3 238 1277  998     035     00000 0000 90070 0070          
16090106 002 3 244 1290  994     045     00000 0000 90070 0070          
16090112 002 4 250 1302  985     055     90020 0020 90070 0070          
16090115 002 4 253 1305  985     055     90020 0020 90070 0070          
16090118 002 4 257 1306  975     060     90020 0020 90070 0070          
16090121 002 4 261 1307  975     060     90020 0020 90070 0070          
16090200 002 5 264 1308  970     065     90030 0030 90070 0070          
16090203 002 5 268 1308  970     065     90030 0030 90070 0070          
16090206 002 5 272 1308  965     070     90030 0030 90070 0070          
16090209 002 5 275 1308  965     070     90030 0030 90070 0070          
16090212 002 5 278 1308  965     070     90030 0030 20090 0060          
16090215 002 5 281 1307  960     070     90030 0030 20090 0060          
16090218 002 5 285 1306  955     070     90030 0030 20090 0060          
16090221 002 5 289 1305  955     070     90030 0030 20090 0060          
16090300 002 5 293 1303  955     070     90030 0030 20090 0060          
16090303 002 5 297 1302  955     070     90030 0030 20090 0060          
16090306 002 5 300 1301  960     065     90020 0020 20090 0060          
16090309 002 5 303 1300  960     065     90020 0020 20090 0060          
16090312 002 4 305 1299  965     060     90020 0020 20090 0060          
16090315 002 4 307 1299  970     060     90020 0020 90060 0060          
16090318 002 4 310 1298  975     055     90020 0020 90060 0060          
16090321 002 4 312 1297  980     055     90020 0020 90060 0060          
16090400 002 4 314 1296  985     050     00000 0000 90050 0050          
16090403 002 4 316 1296  990     050     00000 0000 90050 0050          
16090406 002 3 318 1296  992     045     00000 0000 90050 0050          
16090409 002 3 321 1296  994     045     00000 0000 90040 0040          
16090412 002 3 324 1296  998     040     00000 0000 90040 0040          
16090415 002 3 327 1297 1000     035     00000 0000 90030 0030          
16090416 002 3 328 1297 1000     035     00000 0000 90030 0030         #
16090418 002 2 331 1298 1004     000                                    
16090421 002 2 335 1299 1006     000                                    
16090500 002 2 339 1302 1008     000                                    
16090506 002 2 348 1310 1008     000                                    
16090512 002 2 359 1323 1008     000                                    
